       0/9     4.73G   0.09742   0.02111   0.05474    0.1733        46       640         0         0         0         0   0.08307   0.01624    0.0506
       1/9     4.74G   0.08938   0.01801   0.05111    0.1585        45       640         0         0 0.0001278 2.156e-05   0.08194   0.01555   0.04835
       2/9     4.74G     0.086   0.01905   0.04933    0.1544        61       640         0         0 0.0003428 5.095e-05   0.08224   0.01549    0.0482
       3/9     4.74G   0.08094   0.01938   0.04822    0.1485        50       640         0         0  0.003371 0.0007996   0.07602   0.01625   0.04674
       4/9     4.74G    0.0755   0.02007   0.04683    0.1424        56       640   0.03501   0.03115  0.005677  0.001073    0.0702   0.01879   0.04778
       5/9     4.74G   0.07004   0.01962   0.04628    0.1359        51       640    0.0244    0.1192   0.01903  0.004014   0.06396   0.02084   0.04613
       6/9     4.74G   0.06588   0.01811   0.04534    0.1293        54       640     0.213   0.09418   0.03319  0.008047    0.0639   0.01586   0.04349
       7/9     4.74G   0.06384   0.01792    0.0445    0.1263        57       640    0.1059   0.09754   0.05033   0.01241   0.05965   0.01558   0.04124
       8/9     4.74G   0.06121   0.01804   0.04372     0.123        60       640     0.205   0.06388   0.05015   0.01088   0.05857   0.01594   0.04103
       9/9     4.74G   0.06112   0.01707    0.0431    0.1213        50       640   0.09208   0.04106   0.02838  0.005539   0.06741   0.02096   0.04375
