       0/9     3.51G    0.0903    0.0186   0.05114      0.16        32       640         0         0  0.001887  0.000348    0.0843   0.01448     0.049
       1/9      5.1G   0.07168    0.0186   0.04384    0.1341        32       640   0.02251    0.1489   0.01873  0.003897   0.06942   0.03667    0.0418
       2/9      5.1G   0.06289   0.01708   0.03973    0.1197        33       640         0         0 0.0002671 3.582e-05    0.1059   0.05171   0.08924
       3/9      5.1G   0.05592   0.01516   0.03656    0.1076        32       640    0.2535   0.01329   0.03029  0.008727   0.07439     0.015   0.04827
       4/9      5.1G   0.05123   0.01377   0.03359   0.09859        27       640    0.2891   0.03532   0.09325   0.03005   0.05979   0.01536   0.04079
       5/9      5.1G    0.0482   0.01325   0.03062   0.09207        24       640    0.3773    0.5034    0.3645    0.1151   0.05334   0.01217   0.03159
       6/9      5.1G   0.04571   0.01262   0.02676   0.08509        22       640    0.4927    0.4607    0.3929    0.1338   0.04951   0.01531   0.03588
       7/9      5.1G   0.04342   0.01219    0.0246   0.08021        24       640    0.4269    0.7874    0.6931    0.2659   0.04174   0.01032   0.02017
       8/9      5.1G   0.04137   0.01204   0.02207   0.07548        28       640    0.5163    0.6138    0.5798    0.2265   0.04535   0.01071    0.0218
       9/9      5.1G   0.03981   0.01151   0.02044   0.07176        26       640    0.6411      0.51    0.5467    0.2084     0.049   0.01151   0.02398
