       0/9     3.58G    0.0707   0.01802   0.05082    0.1395        28       640    0.1953    0.3772    0.2683   0.09111   0.04514   0.01196   0.03773
       1/9     3.59G   0.04922    0.0118   0.03859   0.09962        18       640    0.2363    0.6363    0.4471    0.1834   0.04262  0.008976   0.03007
       2/9     3.59G     0.049   0.01081   0.03176   0.09156        25       640    0.3508    0.5145    0.4282    0.1606   0.04689  0.009378   0.02603
       3/9     3.59G   0.04912   0.01047   0.02556   0.08516        32       640    0.4073    0.4884    0.4396    0.1812   0.04589   0.01091   0.02641
       4/9     3.59G   0.04595   0.01054   0.02254   0.07903        36       640    0.3673    0.6381    0.5847      0.23    0.0417  0.009249   0.02332
       5/9     3.59G   0.04268   0.01024   0.01974   0.07266        23       640    0.4677    0.7486    0.6772    0.3182   0.03695   0.00796   0.01164
       6/9     3.59G   0.03923  0.009911   0.01797   0.06711        22       640    0.4533     0.802    0.7671    0.4114   0.03312  0.007716  0.009582
       7/9     3.59G   0.03631  0.009507   0.01589   0.06171        30       640     0.548    0.8038     0.804    0.4373    0.0323  0.007429  0.009111
       8/9     3.59G   0.03307   0.00888   0.01307   0.05503        27       640     0.585    0.8206    0.8149    0.4741   0.02937  0.006867  0.007066
       9/9     3.59G    0.0318  0.008814   0.01188    0.0525        32       640    0.6179    0.8297     0.823    0.4821   0.02782  0.006579  0.006773
