       0/9     7.27G   0.07185   0.01718   0.04865    0.1377        24       640    0.1992    0.5429    0.3363    0.1202   0.04766   0.01293   0.03802
       1/9     9.89G   0.04944   0.01188   0.03468     0.096        24       640     0.321    0.6252    0.5095    0.1826   0.06256  0.007572    0.0264
       2/9     9.89G   0.04554   0.01016   0.02345   0.07915        23       640    0.5184    0.8097    0.7476    0.2967   0.04528  0.007723   0.01784
       3/9     9.89G   0.04225  0.009689   0.01752   0.06946        30       640     0.439    0.7097    0.6355    0.2641   0.04816   0.00902   0.01804
       4/9     9.89G    0.0396  0.009196    0.0157   0.06449        30       640    0.5211    0.8274    0.7721     0.397   0.03872  0.008208   0.01395
       5/9     9.89G   0.03733  0.009069   0.01365   0.06005        31       640    0.5894    0.8807    0.8504    0.4005   0.03893  0.007253  0.009677
       6/9     9.89G    0.0348  0.008808   0.01197   0.05558        31       640    0.6288    0.8966     0.887    0.4801   0.03325  0.007223   0.01222
       7/9     9.89G   0.03294  0.008553   0.01149   0.05299        29       640    0.6003    0.9334    0.9146    0.4783    0.0346  0.006907  0.009287
       8/9     9.89G   0.03113  0.008438   0.01023    0.0498        19       640     0.667    0.9548    0.9454    0.5372   0.02981  0.006392  0.005697
       9/9     9.89G   0.03056  0.008187  0.009418   0.04817        30       640    0.6878    0.9453    0.9427    0.5561   0.03148  0.006372  0.005564
