000001
000003
000005
000007
000009
000011
000013
000015
000017
000019
000021
000023
000025
000027
000029
000031
000033
000035
000037
000039
000041
000043
000045
000047
000049
000051
000053
000055
000057
000059
000061
000063
000065
000067
000069
000071
000073
000075
000077
000079
000081
000083
000085
000087
000089
000091
000093
000095
000097
000099
000101
000103
000105
000107
000109
000111
000113
000115
000117
000119
000121
000123
000125
000127
000129
000131
000133
000135
000137
000139
000141
000143
000145
000147
000149
000151
000153
000155
000157
000159
000161
000163
000165
000167
000169
000171
000173
000175
000177
000179
000181
000183
000185
000187
000189
000191
000193
000195
000197
000199
000201
000203
000205
000207
000209
000211
000213
000215
000217
000219
000221
000223
000225
000227
000229
000231
000233
000235
000237
000239
000241
000243
000245
000247
000249
000251
000253
000255
000257
000259
000261
000263
000265
000267
000269
000271
000273
000275
000277
000279
000281
000283
000285
000287
000289
000291
000293
000295
000297
000299
000301
000303
000305
000307
000309
000311
000313
000315
000317
000319
000321
000323
000325
000327
000329
000331
000333
000335
000337
000339
000341
000343
000345
000347
000349
000351
000353
000355
000357
000359
000361
000363
000365
000367
000369
000371
000373
000375
000377
000379
000381
000383
000385
000387
000389
000391
000393
000395
000397
000399
000401
000403
000405
000407
000409
000411
000413
000415
000417
000419
000421
000423
000425
000427
000429
000431
000433
000435
000437
000439
000441
000443
000445
000447
000449
000451
000453
000455
000457
000459
000461
000463
000465
000467
000469
000471
000473
000475
000477
000479
000481
000483
000485
000487
000489
000491
000493
000495
000497
000499
000501
000503
000505
000507
000509
000511
000513
000515
000517
000519
000521
000523
000525
000527
000529
000531
000533
000535
000537
000539
000541
000543
000545
000547
000549
000551
000553
000555
000557
000559
000561
000563
000565
000567
000569
000571
000573
000575
000577
000579
000581
000583
000585
000587
000589
000591
000593
000595
000597
000599
000601
000603
000605
000607
000609
000611
000613
000615
000617
000619
000621
000623
000625
000627
000629
000631
000633
000635
000637
000639
000641
000643
000645
000647
000649
000651
000653
000655
000657
000659
000661
000663
000665
000667
000669
000671
000673
000675
000677
000679
000681
000683
000685
000687
000689
000691
000693
000695
000697
000699
000701
000703
000705
000707
000709
000711
000713
000715
000717
000719
000721
000723
000725
000727
000729
000731
000733
000735
000737
000739
000741
000743
000745
000747
000749
000751
000753
000755
000757
000759
000761
000763
000765
000767
000769
000771
000773
000775
000777
000779
000781
000783
000785
000787
000789
000791
000793
000795
000797
000799
000801
000803
000805
000807
000809
000811
000813
000815
000817
000819
000821
000823
000825
000827
000829
000831
000833
000835
000837
000839
000841
000843
000845
000847
000849
000851
000853
000855
000857
000859
000861
000863
000865
000867
000869
000871
000873
000875
000877
000879
000881
000883
000885
000887
000889
000891
000893
000895
000897
000899
000901
000903
000905
000907
000909
000911
000913
000915
000917
000919
000921
000923
000925
000927
000929
000931
000933
000935
000937
000939
000941
000943
000945
000947
000949
000951
000953
000955
000957
000959
000961
000963
000965
000967
000969
000971
000973
000975
000977
000979
000981
000983
000985
000987
000989
000991
000993
000995
000997
000999
001001
001003
001005
001007
001009
001011
001013
001015
001017
001019
001021
001023
001025
001027
001029
001031
001033
001035
001037
001039
001041
001043
001045
001047
001049
001051
001053
001055
001057
001059
001061
001063
001065
001067
001069
001071
001073
001075
001077
001079
001081
001083
001085
001087
001089
001091
001093
001095
001097
001099
001101
001103
001105
001107
001109
001111
001113
001115
001117
001119
001121
001123
001125
001127
001129
001131
001133
001135
001137
001139
001141
001143
001145
001147
001149
001151
001153
001155
001157
001159
001161
001163
001165
001167
001169
001171
001173
001175
001177
001179
001181
001183
001185
001187
001189
001191
001193
001195
001197
001199
001201
001203
001205
001207
001209
001211
001213
001215
001217
001219
001221
001223
001225
001227
001229
001231
001233
001235
001237
001239
001241
001243
001245
001247
001249
001251
001253
001255
001257
001259
001261
001263
001265
001267
001269
001271
001273
001275
001277
001279
001281
001283
001285
001287
001289
001291
001293
001295
001297
001299
001301
001303
001305
001307
001309
001311
001313
001315
001317
001319
001321
001323
001325
001327
001329
001331
001333
001335
001337
001339
001341
001343
001345
001347
001349
001351
001353
001355
001357
001359
001361
001363
001365
001367
001369
001371
001373
001375
001377
001379
001381
001383
001385
001387
001389
001391
001393
001395
001397
001399
001401
001403
001405
001407
001409
001411
001413
001415
001417
001419
001421
001423
001425
001427
001429
001431
001433
001435
001437
001439
001441
001443
001445
001447
001449
001451
001453
001455
001457
001459
001461
001463
001465
001467
001469
001471
001473
001475
001477
001479
001481
001483
001485
001487
001489
001491
001493
001495
001497
001499
001501
001503
001505
001507
001509
001511
001513
001515
001517
001519
001521
001523
001525
001527
001529
001531
001533
001535
001537
001539
001541
001543
001545
001547
001549
001551
001553
001555
001557
001559
001561
001563
001565
001567
001569
001571
001573
001575
001577
001579
001581
001583
001585
001587
001589
001591
001593
001595
001597
001599
001601
001603
001605
001607
001609
001611
001613
001615
001617
001619
001621
001623
001625
001627
001629
001631
001633
001635
001637
001639
001641
001643
001645
001647
001649
001651
001653
001655
001657
001659
001661
001663
001665
001667
001669
001671
001673
001675
001677
001679
001681
001683
001685
001687
001689
001691
001693
001695
001697
001699
001701
001703
001705
001707
001709
001711
001713
001715
001717
001719
001721
001723
001725
001727
001729
001731
001733
001735
001737
001739
001741
001743
001745
001747
001749
001751
001753
001755
001757
001759
001761
001763
001765
001767
001769
001771
001773
001775
001777
001779
001781
001783
001785
001787
001789
001791
001793
001795
001797
001799
001801
001803
001805
001807
001809
001811
001813
001815
001817
001819
001821
001823
001825
001827
001829
001831
001833
001835
001837
001839
001841
001843
001845
001847
001849
001851
001853
001855
001857
001859
001861
001863
001865
001867
001869
001871
001873
001875
001877
001879
001881
001883
001885
001887
001889
001891
001893
001895
001897
001899
001901
001903
001905
001907
001909
001911
001913
001915
001917
001919
001921
001923
001925
001927
001929
001931
001933
001935
001937
001939
001941
001943
001945
001947
001949
001951
001953
001955
001957
001959
001961
001963
001965
001967
001969
001971
001973
001975
001977
001979
001981
001983
001985
001987
001989
001991
001993
001995
001997
001999
002001
002003
002005
002007
002009
002011
002013
002015
002017
002019
002021
002023
002025
002027
002029
002031
002033
002035
002037
002039
002041
002043
002045
002047
002049
002051
002053
002055
002057
002059
002061
002063
002065
002067
002069
002071
002073
002075
002077
002079
002081
002083
002085
002087
002089
002091
002093
002095
002097
002099
002101
002103
002105
002107
002109
002111
002113
002115
002117
002119
002121
002123
002125
002127
002129
002131
002133
002135
002137
002139
002141
002143
002145
002147
002149
002151
002153
002155
002157
002159
002161
002163
002165
002167
002169
002171
002173
002175
002177
002179
002181
002183
002185
002187
002189
002191
002193
002195
002197
002199
002201
002203
002205
002207
002209
002211
002213
002215
002217
002219
002221
002223
002225
002227
002229
002231
002233
002235
002237
002239
002241
002243
002245
002247
002249
002251
002253
002255
002257
002259
002261
002263
002265
002267
002269
002271
002273
002275
002277
002279
002281
002283
002285
002287
002289
002291
002293
002295
002297
002299
002301
002303
002305
002307
002309
002311
002313
002315
002317
002319
002321
002323
002325
002327
002329
002331
002333
002335
002337
002339
002341
002343
002345
002347
002349
002351
002353
002355
002357
002359
002361
002363
002365
002367
002369
002371
002373
002375
002377
002379
002381
002383
002385
002387
002389
002391
002393
002395
002397
002399
002401
002403
002405
002407
002409
002411
002413
002415
002417
002419
002421
002423
002425
002427
002429
002431
002433
002435
002437
002439
002441
002443
002445
002447
002449
002451
002453
002455
002457
002459
002461
002463
002465
002467
002469
002471
002473
002475
002477
002479
002481
002483
002485
002487
002489
002491
002493
002495
002497
002499
002501
002503
002505
002507
002509
002511
002513
002515
002517
002519
002521
002523
002525
002527
002529
002531
002533
002535
002537
002539
002541
002543
002545
002547
002549
002551
002553
002555
002557
002559
002561
002563
002565
002567
002569
002571
002573
002575
002577
002579
002581
002583
002585
002587
002589
002591
002593
002595
002597
002599
002601
002603
002605
002607
002609
002611
002613
002615
002617
002619
002621
002623
002625
002627
002629
002631
002633
002635
002637
002639
002641
002643
002645
002647
002649
002651
002653
002655
002657
002659
002661
002663
002665
002667
002669
002671
002673
002675
002677
002679
002681
002683
002685
002687
002689
002691
002693
002695
002697
002699
002701
002703
002705
002707
002709
002711
002713
002715
002717
002719
002721
002723
002725
002727
002729
002731
002733
002735
002737
002739
002741
002743
002745
002747
002749
002751
002753
002755
002757
002759
002761
002763
002765
002767
002769
002771
002773
002775
002777
002779
002781
002783
002785
002787
002789
002791
002793
002795
002797
002799
002801
002803
002805
002807
002809
002811
002813
002815
002817
002819
002821
002823
002825
002827
002829
002831
002833
002835
002837
002839
002841
002843
002845
002847
002849
002851
002853
002855
002857
002859
002861
002863
002865
002867
002869
002871
002873
002875
002877
002879
002881
002883
002885
002887
002889
002891
002893
002895
002897
002899
002901
002903
002905
002907
002909
002911
002913
002915
002917
002919
002921
002923
002925
002927
002929
002931
002933
002935
002937
002939
002941
002943
002945
002947
002949
002951
002953
002955
002957
002959
002961
002963
002965
002967
002969
002971
002973
002975
002977
002979
002981
002983
002985
002987
002989
002991
002993
002995
002997
002999
003001
003003
003005
003007
003009
003011
003013
003015
003017
003019
003021
003023
003025
003027
003029
003031
003033
003035
003037
003039
003041
003043
003045
003047
003049
003051
003053
003055
003057
003059
003061
003063
003065
003067
003069
003071
003073
003075
003077
003079
003081
003083
003085
003087
003089
003091
003093
003095
003097
003099
003101
003103
003105
003107
003109
003111
003113
003115
003117
003119
003121
003123
003125
003127
003129
003131
003133
003135
003137
003139
003141
003143
003145
003147
003149
003151
003153
003155
003157
003159
003161
003163
003165
003167
003169
003171
003173
003175
003177
003179
003181
003183
003185
003187
003189
003191
003193
003195
003197
003199
003201
003203
003205
003207
003209
003211
003213
003215
003217
003219
003221
003223
003225
003227
003229
003231
003233
003235
003237
003239
003241
003243
003245
003247
003249
003251
003253
003255
003257
003259
003261
003263
003265
003267
003269
003271
003273
003275
003277
003279
003281
003283
003285
003287
003289
003291
003293
003295
003297
003299
003301
003303
003305
003307
003309
003311
003313
003315
003317
003319
003321
003323
003325
003327
003329
003331
003333
003335
003337
003339
003341
003343
003345
003347
003349
003351
003353
003355
003357
003359
003361
003363
003365
003367
003369
003371
003373
003375
003377
003379
003381
003383
003385
003387
003389
003391
003393
003395
003397
003399
003401
003403
003405
003407
003409
003411
003413
003415
003417
003419
003421
003423
003425
003427
003429
003431
003433
003435
003437
003439
003441
003443
003445
003447
003449
003451
003453
003455
003457
003459
003461
003463
003465
003467
003469
003471
003473
003475
003477
003479
003481
003483
003485
003487
003489
003491
003493
003495
003497
003499
003501
003503
003505
003507
003509
003511
003513
003515
003517
003519
003521
003523
003525
003527
003529
003531
003533
003535
003537
003539
003541
003543
003545
003547
003549
003551
003553
003555
003557
003559
003561
003563
003565
003567
003569
003571
003573
003575
003577
003579
003581
003583
003585
003587
003589
003591
003593
003595
003597
003599
003601
003603
003605
003607
003609
003611
003613
003615
003617
003619
003621
003623
003625
003627
003629
003631
003633
003635
003637
003639
003641
003643
003645
003647
003649
003651
003653
003655
003657
003659
003661
003663
003665
003667
003669
003671
003673
003675
003677
003679
003681
003683
003685
003687
003689
003691
003693
003695
003697
003699
003701
003703
003705
003707
003709
003711
003713
003715
003717
003719
003721
003723
003725
003727
003729
003731
003733
003735
003737
003739
003741
003743
003745
003747
003749
003751
003753
003755
003757
003759
003761
003763
003765
003767
003769
003771
003773
003775
003777
003779
003781
003783
003785
003787
003789
003791
003793
003795
003797
003799
003801
003803
003805
003807
003809
003811
003813
003815
003817
003819
003821
003823
003825
003827
003829
003831
003833
003835
003837
003839
003841
003843
003845
003847
003849
003851
003853
003855
003857
003859
003861
003863
003865
003867
003869
003871
003873
003875
003877
003879
003881
003883
003885
003887
003889
003891
003893
003895
003897
003899
003901
003903
003905
003907
003909
003911
003913
003915
003917
003919
003921
003923
003925
003927
003929
003931
003933
003935
003937
003939
003941
003943
003945
003947
003949
003951
003953
003955
003957
003959
003961
003963
003965
003967
003969
003971
003973
003975
003977
003979
003981
003983
003985
003987
003989
003991
003993
003995
003997
003999
004001
004003
004005
004007
004009
004011
004013
004015
004017
004019
004021
004023
004025
004027
004029
004031
004033
004035
004037
004039
004041
004043
004045
004047
004049
004051
004053
004055
004057
004059
004061
004063
004065
004067
004069
004071
004073
004075
004077
004079
004081
004083
004085
004087
004089
004091
004093
004095
004097
004099
004101
004103
004105
004107
004109
004111
004113
004115
004117
004119
004121
004123
004125
004127
004129
004131
004133
004135
004137
004139
004141
004143
004145
004147
004149
004151
004153
004155
004157
004159
004161
004163
004165
004167
004169
004171
004173
004175
004177
004179
004181
004183
004185
004187
004189
004191
004193
004195
004197
004199
004201
004203
004205
004207
004209
004211
004213
004215
004217
004219
004221
004223
004225
004227
004229
004231
004233
004235
004237
004239
004241
004243
004245
004247
004249
004251
004253
004255
004257
004259
004261
004263
004265
004267
004269
004271
004273
004275
004277
004279
004281
004283
004285
004287
004289
004291
004293
004295
004297
004299
004301
004303
004305
004307
004309
004311
004313
004315
004317
004319
004321
004323
004325
004327
004329
004331
004333
004335
004337
004339
004341
004343
004345
004347
004349
004351
004353
004355
004357
004359
004361
004363
004365
004367
004369
004371
004373
004375
004377
004379
004381
004383
004385
004387
004389
004391
004393
004395
004397
004399
004401
004403
004405
004407
004409
004411
004413
004415
004417
004419
004421
004423
004425
004427
004429
004431
004433
004435
004437
004439
004441
004443
004445
004447
004449
004451
004453
004455
004457
004459
004461
004463
004465
004467
004469
004471
004473
004475
004477
004479
004481
004483
004485
004487
004489
004491
004493
004495
004497
004499
004501
004503
004505
004507
004509
004511
004513
004515
004517
004519
004521
004523
004525
004527
004529
004531
004533
004535
004537
004539
004541
004543
004545
004547
004549
004551
004553
004555
004557
004559
004561
004563
004565
004567
004569
004571
004573
004575
004577
004579
004581
004583
004585
004587
004589
004591
004593
004595
004597
004599
004601
004603
004605
004607
004609
004611
004613
004615
004617
004619
004621
004623
004625
004627
004629
004631
004633
004635
004637
004639
004641
004643
004645
004647
004649
004651
004653
004655
004657
004659
004661
004663
004665
004667
004669
004671
004673
004675
004677
004679
004681
004683
004685
004687
004689
004691
004693
004695
004697
004699
004701
004703
004705
004707
004709
004711
004713
004715
004717
004719
004721
004723
004725
004727
004729
004731
004733
004735
004737
004739
004741
004743
004745
004747
004749
004751
004753
004755
004757
004759
004761
004763
004765
004767
004769
004771
004773
004775
004777
004779
004781
004783
004785
004787
004789
004791
004793
004795
004797
004799
004801
004803
004805
004807
004809
004811
004813
004815
004817
004819
004821
004823
004825
004827
004829
004831
004833
004835
004837
004839
004841
004843
004845
004847
004849
004851
004853
004855
004857
004859
004861
004863
004865
004867
004869
004871
004873
004875
004877
004879
004881
004883
004885
004887
004889
004891
004893
004895
004897
004899
004901
004903
004905
004907
004909
004911
004913
004915
004917
004919
004921
004923
004925
004927
004929
004931
004933
004935
004937
004939
004941
004943
004945
004947
004949
004951
004953
004955
004957
004959
004961
004963
004965
004967
004969
004971
004973
004975
004977
004979
004981
004983
004985
004987
004989
004991
004993
004995
004997
004999
005001
005003
005005
005007
005009
005011
005013
005015
005017
005019
005021
005023
005025
005027
005029
005031
005033
005035
005037
005039
005041
005043
005045
005047
005049
005051
005053
005055
005057
005059
005061
005063
005065
005067
005069
005071
005073
005075
005077
005079
005081
005083
005085
005087
005089
005091
005093
005095
005097
005099
005101
005103
005105
005107
005109
005111
005113
005115
005117
005119
005121
005123
005125
005127
005129
005131
005133
005135
005137
005139
005141
005143
005145
005147
005149
005151
005153
005155
005157
005159
005161
005163
005165
005167
005169
005171
005173
005175
005177
005179
005181
005183
005185
005187
005189
005191
005193
005195
005197
005199
005201
005203
005205
005207
005209
005211
005213
005215
005217
005219
005221
005223
005225
005227
005229
005231
005233
005235
005237
005239
005241
005243
005245
005247
005249
005251
005253
005255
005257
005259
005261
005263
005265
005267
005269
005271
005273
005275
005277
005279
005281
005283
005285
005287
005289
005291
005293
005295
005297
005299
005301
005303
005305
005307
005309
005311
005313
005315
005317
005319
005321
005323
005325
005327
005329
005331
005333
005335
005337
005339
005341
005343
005345
005347
005349
005351
005353
005355
005357
005359
005361
005363
005365
005367
005369
005371
005373
005375
005377
005379
005381
005383
005385
005387
005389
005391
005393
005395
005397
005399
005401
005403
005405
005407
005409
005411
005413
005415
005417
005419
005421
005423
005425
005427
005429
005431
005433
005435
005437
005439
005441
005443
005445
005447
005449
005451
005453
005455
005457
005459
005461
005463
005465
005467
005469
005471
005473
005475
005477
005479
005481
005483
005485
005487
005489
005491
005493
005495
005497
005499
005501
005503
005505
005507
005509
005511
005513
005515
005517
005519
005521
005523
005525
005527
005529
005531
005533
005535
005537
005539
005541
005543
005545
005547
005549
005551
005553
005555
005557
005559
005561
005563
005565
005567
005569
005571
005573
005575
005577
005579
005581
005583
005585
005587
005589
005591
005593
005595
005597
005599
005601
005603
005605
005607
005609
005611
005613
005615
005617
005619
005621
005623
005625
005627
005629
005631
005633
005635
005637
005639
005641
005643
005645
005647
005649
005651
005653
005655
005657
005659
005661
005663
005665
005667
005669
005671
005673
005675
005677
005679
005681
005683
005685
005687
005689
005691
005693
005695
005697
005699
005701
005703
005705
005707
005709
005711
005713
005715
005717
005719
005721
005723
005725
005727
005729
005731
005733
005735
005737
005739
005741
005743
005745
005747
005749
005751
005753
005755
005757
005759
005761
005763
005765
005767
005769
005771
005773
005775
005777
005779
005781
005783
005785
005787
005789
005791
005793
005795
005797
005799
005801
005803
005805
005807
005809
005811
005813
005815
005817
005819
005821
005823
005825
005827
005829
005831
005833
005835
005837
005839
005841
005843
005845
005847
005849
005851
005853
005855
005857
005859
005861
005863
005865
005867
005869
005871
005873
005875
005877
005879
005881
005883
005885
005887
005889
005891
005893
005895
005897
005899
005901
005903
005905
005907
005909
005911
005913
005915
005917
005919
005921
005923
005925
005927
005929
005931
005933
005935
005937
005939
005941
005943
005945
005947
005949
005951
005953
005955
005957
005959
005961
005963
005965
005967
005969
005971
005973
005975
005977
005979
005981
005983
005985
005987
005989
005991
005993
005995
005997
005999
006001
006003
006005
006007
006009
006011
006013
006015
006017
006019
006021
006023
006025
006027
006029
006031
006033
006035
006037
006039
006041
006043
006045
006047
006049
006051
006053
006055
006057
006059
006061
006063
006065
006067
006069
006071
006073
006075
006077
006079
006081
006083
006085
006087
006089
006091
006093
006095
006097
006099
006101
006103
006105
006107
006109
006111
006113
006115
006117
006119
006121
006123
006125
006127
006129
006131
006133
006135
006137
006139
006141
006143
006145
006147
006149
006151
006153
006155
006157
006159
006161
006163
006165
006167
006169
006171
006173
006175
006177
006179
006181
006183
006185
006187
006189
006191
006193
006195
006197
006199
006201
006203
006205
006207
006209
006211
006213
006215
006217
006219
006221
006223
006225
006227
006229
006231
006233
006235
006237
006239
006241
006243
006245
006247
006249
006251
006253
006255
006257
006259
006261
006263
006265
006267
006269
006271
006273
006275
006277
006279
006281
006283
006285
006287
006289
006291
006293
006295
006297
006299
006301
006303
006305
006307
006309
006311
006313
006315
006317
006319
006321
006323
006325
006327
006329
006331
006333
006335
006337
006339
006341
006343
006345
006347
006349
006351
006353
006355
006357
006359
006361
006363
006365
006367
006369
006371
006373
006375
006377
006379
006381
006383
006385
006387
006389
006391
006393
006395
006397
006399
006401
006403
006405
006407
006409
006411
006413
006415
006417
006419
006421
006423
006425
006427
006429
006431
006433
006435
006437
006439
006441
006443
006445
006447
006449
006451
006453
006455
006457
006459
006461
006463
006465
006467
006469
006471
006473
006475
006477
006479
006481
006483
006485
006487
006489
006491
006493
006495
006497
006499
006501
006503
006505
006507
006509
006511
006513
006515
006517
006519
006521
006523
006525
006527
006529
006531
006533
006535
006537
006539
006541
006543
006545
006547
006549
006551
006553
006555
006557
006559
006561
006563
006565
006567
006569
006571
006573
006575
006577
006579
006581
006583
006585
006587
006589
006591
006593
006595
006597
006599
006601
006603
006605
006607
006609
006611
006613
006615
006617
006619
006621
006623
006625
006627
006629
006631
006633
006635
006637
006639
006641
006643
006645
006647
006649
006651
006653
006655
006657
006659
006661
006663
006665
006667
006669
006671
006673
006675
006677
006679
006681
006683
006685
006687
006689
006691
006693
006695
006697
006699
006701
006703
006705
006707
006709
006711
006713
006715
006717
006719
006721
006723
006725
006727
006729
006731
006733
006735
006737
006739
006741
006743
006745
006747
006749
006751
006753
006755
006757
006759
006761
006763
006765
006767
006769
006771
006773
006775
006777
006779
006781
006783
006785
006787
006789
006791
006793
006795
006797
006799
006801
006803
006805
006807
006809
006811
006813
006815
006817
006819
006821
006823
006825
006827
006829
006831
006833
006835
006837
006839
006841
006843
006845
006847
006849
006851
006853
006855
006857
006859
006861
006863
006865
006867
006869
006871
006873
006875
006877
006879
006881
006883
006885
006887
006889
006891
006893
006895
006897
006899
006901
006903
006905
006907
006909
006911
006913
006915
006917
006919
006921
006923
006925
006927
006929
006931
006933
006935
006937
006939
006941
006943
006945
006947
006949
006951
006953
006955
006957
006959
006961
006963
006965
006967
006969
006971
006973
006975
006977
006979
006981
006983
006985
006987
006989
006991
006993
006995
006997
006999
007001
007003
007005
007007
007009
007011
007013
007015
007017
007019
007021
007023
007025
007027
007029
007031
007033
007035
007037
007039
007041
007043
007045
007047
007049
007051
007053
007055
007057
007059
007061
007063
007065
007067
007069
007071
007073
007075
007077
007079
007081
007083
007085
007087
007089
007091
007093
007095
007097
007099
007101
007103
007105
007107
007109
007111
007113
007115
007117
007119
007121
007123
007125
007127
007129
007131
007133
007135
007137
007139
007141
007143
007145
007147
007149
007151
007153
007155
007157
007159
007161
007163
007165
007167
007169
007171
007173
007175
007177
007179
007181
007183
007185
007187
007189
007191
007193
007195
007197
007199
007201
007203
007205
007207
007209
007211
007213
007215
007217
007219
007221
007223
007225
007227
007229
007231
007233
007235
007237
007239
007241
007243
007245
007247
007249
007251
007253
007255
007257
007259
007261
007263
007265
007267
007269
007271
007273
007275
007277
007279
007281
007283
007285
007287
007289
007291
007293
007295
007297
007299
007301
007303
007305
007307
007309
007311
007313
007315
007317
007319
007321
007323
007325
007327
007329
007331
007333
007335
007337
007339
007341
007343
007345
007347
007349
007351
007353
007355
007357
007359
007361
007363
007365
007367
007369
007371
007373
007375
007377
007379
007381
007383
007385
007387
007389
007391
007393
007395
007397
007399
007401
007403
007405
007407
007409
007411
007413
007415
007417
007419
007421
007423
007425
007427
007429
007431
007433
007435
007437
007439
007441
007443
007445
007447
007449
007451
007453
007455
007457
007459
007461
007463
007465
007467
007469
007471
007473
007475
007477
007479
007481
007483
007485
007487
007489
007491
007493
007495
007497
007499
007501
007503
007505
007507
007509
007511
