     0/299     5.22G   0.07246   0.01726   0.04874    0.1385        24       640    0.1778    0.5549    0.3485    0.1342   0.04884   0.01227   0.03823
     1/299     9.73G   0.04939   0.01194   0.03445   0.09577        24       640    0.3672    0.7136    0.6061    0.2731   0.04305  0.008293   0.02475
     2/299     9.73G   0.04563   0.01021   0.02322   0.07906        23       640    0.4028    0.7817    0.6465    0.2602    0.0456  0.008001   0.02041
     3/299     9.73G   0.04332  0.009775   0.01776   0.07086        30       640    0.4601    0.7135    0.6446    0.2905   0.04182  0.009231   0.02001
     4/299     9.73G   0.04158  0.009474   0.01664    0.0677        30       640    0.4368    0.8265    0.7736    0.3798   0.03872  0.008875     0.017
     5/299     9.73G   0.04008  0.009513    0.0155   0.06509        31       640     0.399    0.1713   0.07366   0.02693   0.09598   0.01142   0.05902
     6/299     9.73G   0.03936  0.009441    0.0148    0.0636        31       640    0.4169    0.6462    0.6092    0.2605   0.04214   0.01008   0.02569
     7/299     9.73G    0.0389  0.009429   0.01496    0.0633        29       640    0.4964    0.1363   0.04341   0.01624   0.09928   0.01246   0.08071
     8/299     9.73G   0.03826  0.009702   0.01548   0.06344        19       640    0.4532    0.3874    0.3423    0.1481   0.06965     0.011   0.03933
     9/299     9.73G   0.03709  0.009331    0.0139   0.06032        30       640    0.6017    0.8046    0.7443    0.3475   0.04252  0.008159   0.01494
    10/299     9.73G    0.0358  0.009127   0.01266   0.05759        27       640    0.5934    0.7313    0.6817    0.3547   0.03973  0.008482   0.01678
    11/299     9.73G   0.03458  0.008845   0.01123   0.05465        20       640    0.5523    0.8533    0.8458    0.4271   0.03572   0.00811    0.0151
    12/299     9.73G   0.03373  0.008862   0.01103   0.05363        45       640    0.5781    0.8431    0.8105    0.3974   0.03501  0.007587   0.01635
    13/299     9.73G   0.03324  0.008705   0.01076    0.0527        33       640    0.6773     0.936    0.9254    0.5069   0.03111  0.006602  0.007174
    14/299     9.73G   0.03269  0.008528   0.01008    0.0513        28       640    0.5828    0.9058     0.851    0.4348   0.03555  0.007672   0.00693
    15/299     9.73G    0.0323  0.008457  0.009935   0.05069        26       640    0.5566    0.7907    0.7811    0.4387   0.03314  0.008281   0.01771
    16/299     9.73G   0.03158  0.008246  0.009116   0.04894        25       640    0.6192    0.9663    0.9452    0.5494   0.03158   0.00666  0.004582
    17/299     9.73G   0.03121  0.008373  0.008884   0.04847        25       640    0.4972    0.8951    0.8412    0.4935    0.0295  0.007511   0.01498
    18/299     9.73G   0.03089  0.008234  0.008628   0.04775        22       640    0.6451    0.8957    0.8869    0.4747   0.03293   0.00747   0.00879
    19/299     9.73G   0.03065  0.008137  0.008628   0.04742        26       640    0.6879    0.9698    0.9586    0.5763   0.02929  0.006186  0.004476
    20/299     9.73G   0.03018  0.008196  0.008094   0.04647        33       640    0.6533     0.936    0.9336    0.5465   0.03021  0.006766  0.007291
    21/299     9.73G   0.02987  0.008071  0.007842   0.04578        27       640    0.7207    0.9676    0.9583    0.5716   0.02913   0.00596  0.004693
    22/299     9.73G   0.02973  0.007961  0.007596   0.04529        24       640    0.6283    0.9483    0.9306    0.5645   0.02852  0.006407  0.007439
    23/299     9.73G   0.02957  0.007905  0.007891   0.04537        30       640    0.7335    0.9796    0.9748     0.622   0.02685   0.00581   0.00299
    24/299     9.73G   0.02922  0.007929  0.007246   0.04439        30       640    0.7508    0.9722    0.9721    0.6328   0.02578  0.005601  0.003414
    25/299     9.73G   0.02882  0.007831  0.006987   0.04364        29       640    0.7426    0.9718    0.9734    0.6121   0.02583  0.005946  0.003739
    26/299     9.73G   0.02853  0.007727  0.006731   0.04298        25       640     0.702    0.9643    0.9587    0.5767   0.02945  0.006014  0.005016
    27/299     9.73G   0.02852  0.007707  0.006656   0.04289        27       640    0.7458    0.9843    0.9808    0.6398   0.02497  0.005558  0.002228
    28/299     9.73G   0.02829  0.007729  0.006674   0.04269        31       640    0.6981    0.9528    0.9479    0.5896   0.02858  0.006593  0.004853
    29/299     9.73G   0.02827  0.007639  0.006765   0.04267        26       640    0.7107    0.9764    0.9709    0.6389   0.02552  0.005611  0.003063
    30/299     9.73G   0.02795  0.007595  0.006684   0.04223        18       640     0.783    0.9826    0.9805    0.6655   0.02469  0.005342  0.002277
    31/299     9.73G   0.02806  0.007593  0.005894   0.04154        27       640    0.8162     0.979    0.9783     0.648   0.02577  0.005382  0.002867
    32/299     9.73G   0.02769  0.007568  0.006178   0.04144        25       640    0.7638    0.9786    0.9768    0.6482   0.02469  0.005416  0.002581
    33/299     9.73G   0.02748  0.007488  0.006269   0.04124        22       640    0.7806    0.9756    0.9732    0.6555   0.02419  0.005331  0.004093
    34/299     9.73G   0.02754  0.007459  0.006612   0.04161        26       640    0.7803    0.9808    0.9787    0.6715   0.02315   0.00525   0.00247
    35/299     9.73G   0.02719  0.007399  0.005988   0.04058        26       640    0.7616    0.9807    0.9774    0.6685   0.02377  0.005245  0.002766
    36/299     9.73G   0.02722  0.007435  0.005685   0.04034        24       640    0.8007    0.9744    0.9776    0.6773   0.02336  0.005189  0.002635
    37/299     9.73G   0.02725  0.007411  0.005874   0.04054        34       640    0.8175    0.9677    0.9719     0.631   0.02649  0.005584  0.003186
    38/299     9.73G   0.02717  0.007426  0.005852   0.04044        21       640    0.7339     0.987    0.9812    0.6924   0.02228  0.005098  0.002569
    39/299     9.73G   0.02669  0.007288  0.005633   0.03961        24       640    0.8118    0.9867    0.9844    0.6993    0.0222  0.004961  0.001693
    40/299     9.73G   0.02656  0.007382  0.005444   0.03939        30       640     0.823    0.9893    0.9862    0.6892   0.02225  0.004916  0.001945
    41/299     9.73G   0.02663  0.007335  0.005359   0.03933        28       640    0.8044    0.9855    0.9855    0.6849   0.02271  0.005052  0.002502
    42/299     9.73G   0.02654  0.007243  0.005292   0.03907        29       640    0.8385    0.9814     0.982    0.6943   0.02215  0.004925  0.002092
    43/299     9.73G   0.02643   0.00719  0.005655   0.03927        26       640    0.8532    0.9914    0.9887    0.7065   0.02147  0.004744  0.001291
    44/299     9.73G   0.02627  0.007322  0.005246   0.03884        30       640    0.8425    0.9918     0.988    0.7031   0.02218  0.004767  0.001339
    45/299     9.73G   0.02634  0.007186  0.005063   0.03859        22       640    0.8433    0.9894    0.9874    0.7063   0.02187  0.004884  0.001434
    46/299     9.73G   0.02637  0.007242  0.005597   0.03921        33       640    0.7953    0.9857    0.9861    0.7014   0.02195  0.004944  0.001846
    47/299     9.73G   0.02616   0.00713  0.004951   0.03824        30       640      0.86    0.9895    0.9879    0.7168   0.02111  0.004572  0.001366
    48/299     9.73G   0.02614  0.007164  0.004979   0.03828        32       640    0.8366    0.9876    0.9864    0.7011   0.02211  0.004788  0.001395
    49/299     9.73G   0.02585  0.007128   0.00521   0.03819        27       640    0.8733    0.9901    0.9883    0.7175   0.02096  0.004655  0.001058
    50/299     9.73G   0.02557  0.006996  0.004797   0.03736        27       640     0.863    0.9894     0.988    0.7138   0.02073  0.004686  0.001232
    51/299     9.73G   0.02563  0.007045  0.004714   0.03738        32       640    0.8841    0.9897    0.9893    0.7134   0.02084  0.004572  0.001169
    52/299     9.73G   0.02575  0.007076  0.005131   0.03795        26       640    0.8691    0.9911    0.9894    0.7316   0.02012   0.00457  0.001347
    53/299     9.73G   0.02538  0.007004  0.004632   0.03701        34       640    0.9018     0.991    0.9909    0.7331   0.01989  0.004461  0.001023
    54/299     9.73G   0.02544  0.006986  0.005112   0.03754        26       640    0.8358    0.9928    0.9903    0.7344   0.02003   0.00457  0.001102
    55/299     9.73G   0.02536  0.007019  0.004887   0.03727        30       640    0.8643    0.9917    0.9907    0.7356   0.01978  0.004456  0.001069
    56/299     9.73G    0.0254  0.006988  0.004666   0.03705        27       640    0.8583    0.9941    0.9898    0.7425   0.01984  0.004474   0.00111
    57/299     9.73G   0.02543   0.00696   0.00448   0.03687        23       640    0.8824     0.994    0.9917     0.745   0.01928  0.004334 0.0009339
    58/299     9.73G   0.02546  0.007044  0.004774   0.03728        29       640    0.8653    0.9923    0.9898    0.7382   0.01963  0.004473  0.001116
    59/299     9.73G   0.02517  0.006857  0.004583   0.03661        31       640    0.8797    0.9935    0.9914    0.7439   0.01967  0.004333 0.0008856
    60/299     9.73G   0.02523  0.006924  0.004533   0.03669        23       640    0.8661    0.9945    0.9915    0.7415   0.01946  0.004364 0.0008664
    61/299     9.73G   0.02509  0.007006   0.00459   0.03669        23       640    0.8782    0.9934    0.9915    0.7441   0.01985   0.00438 0.0009348
    62/299     9.73G   0.02489  0.006956  0.004158   0.03601        22       640    0.8663    0.9954    0.9914    0.7435    0.0197   0.00438 0.0009201
    63/299     9.73G   0.02496   0.00688  0.004286   0.03613        32       640    0.8809    0.9901    0.9902    0.7525   0.01904  0.004299  0.001591
    64/299     9.73G   0.02476  0.006915  0.004614   0.03629        37       640    0.8864    0.9961    0.9915    0.7583   0.01867  0.004323 0.0009983
    65/299     9.73G   0.02477  0.006891  0.004533   0.03619        22       640    0.8834    0.9931    0.9903    0.7557   0.01894  0.004286  0.000968
    66/299     9.73G   0.02467  0.006876  0.004349    0.0359        23       640    0.8937    0.9931    0.9916    0.7492   0.01908   0.00426 0.0008881
    67/299     9.73G   0.02472  0.006947   0.00421   0.03588        26       640    0.8842    0.9943    0.9918     0.759   0.01836  0.004177 0.0008332
    68/299     9.73G   0.02462   0.00681  0.004165    0.0356        24       640    0.8988    0.9955    0.9924    0.7614   0.01829  0.004156  0.000778
    69/299     9.73G   0.02433  0.006818   0.00446   0.03561        24       640     0.905    0.9924    0.9924    0.7586   0.01867  0.004225  0.000803
    70/299     9.73G   0.02442  0.006778  0.004119   0.03531        27       640     0.897    0.9956    0.9923    0.7627   0.01837  0.004152  0.000793
    71/299     9.73G   0.02418    0.0068   0.00423   0.03521        34       640    0.8961    0.9942    0.9919    0.7691   0.01812  0.004142 0.0008129
    72/299     9.73G   0.02452   0.00676  0.004257   0.03554        34       640    0.8983    0.9968    0.9925    0.7644   0.01766  0.004107 0.0007469
    73/299     9.73G   0.02427  0.006776  0.004068   0.03511        20       640    0.8936    0.9939    0.9929    0.7651   0.01798  0.004119 0.0007555
    74/299     9.73G   0.02413  0.006761   0.00407   0.03496        31       640    0.8944    0.9956    0.9925    0.7721   0.01776  0.004105 0.0007514
    75/299     9.73G   0.02403  0.006695   0.00387    0.0346        28       640    0.9012    0.9952    0.9924    0.7733    0.0175  0.004065 0.0007468
    76/299     9.73G   0.02416  0.006662   0.00435   0.03517        26       640     0.906    0.9969    0.9926     0.774   0.01717  0.004044 0.0007648
    77/299     9.73G   0.02418    0.0067  0.003992   0.03487        30       640    0.8997    0.9947    0.9923    0.7668    0.0178  0.004079 0.0007242
    78/299     9.73G   0.02397  0.006772  0.003856    0.0346        32       640    0.9015    0.9934    0.9922    0.7642   0.01772  0.004095 0.0006817
    79/299     9.73G   0.02392  0.006787  0.004212   0.03492        28       640    0.8858    0.9953    0.9924    0.7712   0.01747  0.004081 0.0007304
    80/299     9.73G   0.02374  0.006586  0.004034   0.03436        27       640    0.9005     0.995    0.9926    0.7731    0.0173  0.004061 0.0006953
    81/299     9.73G   0.02367  0.006611  0.003747   0.03403        27       640    0.9027     0.994    0.9927    0.7725   0.01729  0.004058 0.0006713
    82/299     9.73G   0.02373  0.006625  0.003746    0.0341        33       640     0.902    0.9936    0.9922    0.7736   0.01745  0.004061 0.0006636
    83/299     9.73G   0.02364  0.006578  0.004245   0.03446        24       640    0.9086    0.9947    0.9922    0.7712   0.01766  0.004011 0.0006589
    84/299     9.73G   0.02376  0.006626  0.003675   0.03406        30       640    0.9062     0.994     0.992    0.7793   0.01718  0.003952 0.0006312
    85/299     9.73G   0.02354   0.00659  0.003646   0.03378        23       640     0.898    0.9947     0.992    0.7728   0.01721  0.003981 0.0007032
    86/299     9.73G   0.02357  0.006581  0.003735   0.03388        35       640     0.905    0.9956    0.9929    0.7735   0.01727  0.003968 0.0006685
    87/299     9.73G   0.02316  0.006594   0.00369   0.03345        21       640    0.9074     0.994     0.993    0.7777   0.01721  0.003952 0.0006463
    88/299     9.73G   0.02345  0.006588  0.004031   0.03407        32       640    0.9026    0.9939    0.9923    0.7834   0.01708  0.003941 0.0006806
    89/299     9.73G   0.02348   0.00659  0.003908   0.03398        23       640    0.9075    0.9938    0.9921    0.7823   0.01706  0.003932 0.0006483
    90/299     9.73G   0.02344   0.00659  0.004038   0.03407        30       640     0.897    0.9941    0.9921    0.7843   0.01717  0.003929 0.0006193
    91/299     9.73G   0.02313   0.00641   0.00327   0.03282        35       640    0.9063    0.9956    0.9923    0.7842    0.0171  0.003905 0.0006104
    92/299     9.73G   0.02345  0.006489  0.003791   0.03373        29       640     0.911    0.9954    0.9924    0.7852   0.01708  0.003894 0.0005988
    93/299     9.73G   0.02297   0.00646  0.003607   0.03303        20       640    0.9115    0.9952    0.9925     0.784   0.01694  0.003882 0.0006007
    94/299     9.73G    0.0233  0.006491  0.003553   0.03335        29       640    0.9126    0.9957     0.993    0.7855    0.0168  0.003862 0.0005866
    95/299     9.73G    0.0231  0.006399  0.003618   0.03311        30       640    0.9088    0.9947    0.9927    0.7875   0.01668  0.003835 0.0005762
    96/299     9.73G    0.0234   0.00658  0.004058   0.03404        26       640    0.9118    0.9953    0.9928    0.7862   0.01665  0.003821 0.0005844
    97/299     9.73G   0.02331  0.006462  0.003565   0.03333        17       640    0.9172    0.9953    0.9927    0.7912   0.01663  0.003832 0.0005874
    98/299     9.73G   0.02325   0.00656  0.003488    0.0333        26       640     0.917    0.9951    0.9926    0.7932   0.01657  0.003829 0.0005942
    99/299     9.73G   0.02291  0.006413  0.003395   0.03271        30       640    0.9151    0.9964    0.9929    0.7933   0.01651  0.003819 0.0005805
   100/299     9.73G   0.02317  0.006449  0.003555   0.03317        32       640    0.9169    0.9962    0.9931    0.7943   0.01636  0.003808 0.0005854
   101/299     9.73G   0.02277  0.006416  0.003475   0.03266        31       640    0.9131     0.997    0.9932    0.7968   0.01624    0.0038 0.0005803
   102/299     9.73G    0.0229  0.006495  0.003443   0.03284        28       640    0.9106    0.9967    0.9927    0.7969   0.01624   0.00379 0.0005811
   103/299     9.73G   0.02278  0.006368  0.003213   0.03236        25       640    0.9136    0.9967    0.9925    0.7975   0.01624  0.003778 0.0005708
   104/299     9.73G   0.02282  0.006369  0.003265   0.03245        25       640    0.9052    0.9967    0.9924    0.7964    0.0162  0.003774 0.0005711
   105/299     9.73G    0.0226  0.006317  0.003517   0.03244        32       640    0.9079    0.9953    0.9922     0.798   0.01628  0.003781 0.0005711
   106/299     9.73G   0.02248  0.006374  0.003323   0.03218        32       640    0.9077    0.9953    0.9923    0.7964    0.0163  0.003776 0.0005693
   107/299     9.73G   0.02258  0.006311  0.003069   0.03196        21       640    0.9153    0.9956    0.9925    0.7969    0.0163  0.003769 0.0005574
   108/299     9.73G   0.02254  0.006304  0.003354    0.0322        20       640    0.9121    0.9956    0.9926    0.7989   0.01623  0.003765 0.0005539
   109/299     9.73G   0.02236  0.006268  0.003175    0.0318        39       640    0.9136    0.9956    0.9927    0.7997   0.01617  0.003752 0.0005514
   110/299     9.73G   0.02239  0.006245   0.00323   0.03186        41       640    0.9126    0.9956    0.9926    0.7992   0.01614  0.003752 0.0005545
   111/299     9.73G   0.02243  0.006334  0.002807   0.03157        29       640    0.9137    0.9953    0.9926    0.8004   0.01612  0.003756 0.0005614
   112/299     9.73G   0.02205  0.006148  0.003253   0.03145        18       640    0.9173     0.997    0.9927    0.8016   0.01614  0.003755 0.0005672
   113/299     9.73G    0.0223  0.006284  0.003395   0.03198        27       640    0.9148     0.996    0.9926    0.8007   0.01616  0.003756 0.0005683
   114/299     9.73G   0.02256  0.006286  0.003579   0.03243        25       640    0.9152    0.9973    0.9926    0.7994   0.01619  0.003763 0.0005697
   115/299     9.73G   0.02219  0.006322  0.003337   0.03185        35       640    0.9133    0.9951     0.992    0.8008   0.01615  0.003749 0.0005575
   116/299     9.73G    0.0224  0.006306  0.003327   0.03203        32       640    0.9116    0.9948     0.992    0.8008   0.01619  0.003752 0.0005531
   117/299     9.73G   0.02225  0.006271   0.00331   0.03183        33       640    0.9102    0.9951     0.992       0.8   0.01614  0.003741 0.0005518
   118/299     9.73G   0.02223   0.00622     0.003   0.03145        31       640    0.9092    0.9951     0.992    0.8012   0.01612  0.003742 0.0005443
   119/299     9.73G    0.0221  0.006291  0.002999   0.03139        27       640    0.9114    0.9951     0.992     0.801   0.01609   0.00374 0.0005403
   120/299     9.73G   0.02215  0.006189  0.003241   0.03158        24       640    0.9127    0.9951    0.9921    0.8029   0.01605  0.003733 0.0005349
   121/299     9.73G   0.02206  0.006199  0.003257   0.03152        38       640    0.9131    0.9951    0.9921    0.8025     0.016  0.003732 0.0005331
   122/299     9.73G   0.02201  0.006177  0.003095   0.03128        24       640    0.9121    0.9951    0.9921    0.8021   0.01599  0.003729 0.0005351
   123/299     9.73G   0.02207  0.006176  0.003355    0.0316        20       640    0.9147    0.9963    0.9926    0.8013   0.01598  0.003727 0.0005322
   124/299     9.73G   0.02181  0.006277  0.003247   0.03134        29       640    0.9153     0.996    0.9926    0.8014   0.01595  0.003718 0.0005282
   125/299     9.73G   0.02176  0.006162  0.002974    0.0309        26       640    0.9156    0.9959    0.9927    0.8023   0.01591  0.003711 0.0005255
   126/299     9.73G   0.02173   0.00612   0.00308   0.03093        23       640     0.914    0.9959    0.9927    0.8037   0.01589  0.003704 0.0005213
   127/299     9.73G   0.02174  0.006056  0.002893   0.03069        31       640    0.9114    0.9962    0.9926    0.8043   0.01587  0.003702 0.0005189
   128/299     9.73G   0.02181   0.00616   0.00311   0.03108        30       640    0.9105    0.9959    0.9926    0.8039   0.01588  0.003699 0.0005186
   129/299     9.73G   0.02183  0.006106  0.002661    0.0306        31       640    0.9096     0.995    0.9922    0.8049   0.01588  0.003694  0.000518
   130/299     9.73G   0.02171  0.006117  0.002915   0.03075        18       640    0.9134     0.995    0.9922    0.8048   0.01585  0.003688 0.0005168
   131/299     9.73G   0.02153   0.00614  0.003025   0.03069        27       640    0.9126    0.9951    0.9922    0.8054   0.01583  0.003684 0.0005181
   132/299     9.73G   0.02156  0.006087  0.002588   0.03023        26       640    0.9129    0.9951    0.9922    0.8052   0.01582   0.00368 0.0005182
   133/299     9.73G   0.02149  0.006112  0.003178   0.03078        30       640    0.9127     0.995    0.9922    0.8059   0.01581  0.003677 0.0005189
   134/299     9.73G   0.02146  0.006048  0.002855   0.03036        26       640     0.913     0.995    0.9921    0.8059   0.01579  0.003673 0.0005206
   135/299     9.73G   0.02129  0.006081  0.002848   0.03022        26       640    0.9134     0.995     0.992    0.8061   0.01576  0.003668 0.0005215
   136/299     9.73G   0.02127  0.006037  0.002618   0.02993        19       640    0.9142     0.995    0.9923    0.8062   0.01572  0.003662 0.0005206
   137/299     9.73G   0.02114  0.006104  0.002718   0.02997        27       640    0.9141    0.9962    0.9924    0.8062    0.0157  0.003658 0.0005188
   138/299     9.73G   0.02128  0.006009  0.002798   0.03008        20       640    0.9139    0.9962    0.9924    0.8066   0.01569  0.003655 0.0005177
   139/299     9.73G   0.02133  0.006065  0.003028   0.03043        27       640    0.9142    0.9962    0.9924    0.8072   0.01568  0.003651 0.0005188
   140/299     9.73G   0.02123  0.006081  0.002721   0.03003        28       640     0.914    0.9962    0.9924    0.8074   0.01568  0.003647 0.0005189
   141/299     9.73G   0.02115  0.006023  0.002615   0.02979        25       640     0.914    0.9965    0.9924    0.8079   0.01568  0.003645 0.0005157
   142/299     9.73G   0.02114  0.005965  0.002729   0.02984        29       640    0.9142    0.9965    0.9924     0.808   0.01567  0.003642 0.0005121
   143/299     9.73G   0.02105  0.006001  0.002617   0.02966        30       640    0.9123    0.9965    0.9923    0.8087   0.01565  0.003638 0.0005113
   144/299     9.73G   0.02113  0.005993  0.002977    0.0301        29       640    0.9142    0.9965    0.9924    0.8088   0.01564  0.003633  0.000509
   145/299     9.73G   0.02093  0.006015  0.002662    0.0296        28       640    0.9156    0.9976    0.9928    0.8086   0.01562  0.003628 0.0005077
   146/299     9.73G   0.02066  0.005961  0.002651   0.02928        32       640    0.9175     0.998    0.9928    0.8092    0.0156  0.003624 0.0005049
   147/299     9.73G   0.02081   0.00591  0.002677    0.0294        26       640    0.9172    0.9978    0.9928    0.8094   0.01559   0.00362 0.0005029
   148/299     9.73G   0.02073  0.005896  0.002592   0.02921        20       640    0.9174     0.998    0.9928    0.8101   0.01557  0.003616 0.0005017
   149/299     9.73G    0.0205  0.005931  0.002605   0.02903        28       640    0.9174     0.998    0.9928    0.8095   0.01555  0.003614 0.0005002
   150/299     9.73G   0.02051  0.005961  0.002543   0.02901        29       640    0.9189    0.9979    0.9928    0.8101   0.01554   0.00361 0.0004986
   151/299     9.73G   0.02057  0.005872  0.002499   0.02894        24       640    0.9183     0.998    0.9929    0.8111   0.01552  0.003608 0.0004973
   152/299     9.73G   0.02068  0.005825  0.002723   0.02923        27       640    0.9199     0.998    0.9929    0.8103   0.01551  0.003605 0.0004957
   153/299     9.73G   0.02067  0.005965  0.002481   0.02911        29       640     0.919     0.998    0.9929    0.8108   0.01549  0.003603 0.0004941
   154/299     9.73G    0.0206  0.005846  0.002747   0.02919        31       640    0.9196     0.998    0.9929    0.8106   0.01548  0.003599 0.0004916
   155/299     9.73G   0.02049  0.005791  0.002683   0.02897        27       640    0.9202     0.998    0.9928    0.8103   0.01547  0.003596 0.0004881
   156/299     9.73G   0.02031  0.005804   0.00288     0.029        28       640      0.92     0.998    0.9928    0.8112   0.01546  0.003594  0.000486
   157/299     9.73G   0.02052  0.005964  0.002507   0.02899        31       640    0.9195     0.998    0.9928    0.8104   0.01545  0.003593 0.0004851
   158/299     9.73G   0.02037  0.005764   0.00245   0.02859        21       640    0.9191     0.998    0.9928    0.8104   0.01543   0.00359 0.0004847
   159/299     9.73G   0.02039  0.005818  0.002509   0.02872        33       640    0.9196     0.998    0.9928    0.8102   0.01543  0.003589 0.0004844
   160/299     9.73G   0.02028   0.00581  0.002795   0.02889        24       640    0.9206     0.998    0.9928    0.8105   0.01543  0.003586 0.0004831
   161/299     9.73G   0.02037   0.00576   0.00247    0.0286        25       640    0.9215     0.998    0.9928    0.8102   0.01543  0.003583 0.0004826
   162/299     9.73G   0.02029  0.005806   0.00253   0.02862        26       640    0.9202     0.998    0.9928    0.8104   0.01542  0.003581 0.0004822
   163/299     9.73G   0.02032  0.005746  0.002475   0.02854        19       640    0.9203     0.998    0.9928    0.8112   0.01541  0.003578 0.0004803
   164/299     9.73G   0.02023  0.005848  0.002464   0.02854        27       640    0.9208     0.998    0.9928    0.8113    0.0154  0.003575 0.0004775
   165/299     9.73G   0.02008  0.005762  0.002561    0.0284        25       640    0.9207     0.998    0.9928    0.8117   0.01539  0.003572 0.0004752
   166/299     9.73G   0.02011  0.005803  0.002479   0.02839        27       640    0.9203     0.998    0.9928    0.8122   0.01538  0.003569 0.0004739
   167/299     9.73G   0.01994  0.005687  0.002421   0.02805        28       640    0.9198     0.998    0.9928    0.8123   0.01538  0.003567 0.0004715
   168/299     9.73G   0.02024  0.005773  0.002394   0.02841        31       640    0.9194     0.998    0.9929    0.8122   0.01537  0.003564 0.0004693
   169/299     9.73G    0.0197  0.005702  0.002214   0.02762        17       640    0.9196     0.998    0.9929    0.8126   0.01537  0.003562 0.0004675
   170/299     9.73G   0.01998  0.005666  0.002236   0.02788        29       640    0.9192     0.998    0.9929    0.8126   0.01536  0.003559 0.0004659
   171/299     9.73G   0.01997  0.005734  0.002332   0.02804        20       640    0.9173     0.998    0.9929    0.8132   0.01535  0.003555 0.0004644
   172/299     9.73G   0.01974  0.005722  0.002336    0.0278        28       640    0.9179     0.998    0.9929    0.8129   0.01534  0.003552 0.0004625
   173/299     9.73G   0.01955  0.005632  0.002359   0.02754        22       640    0.9178     0.998     0.993    0.8134   0.01533  0.003549 0.0004606
   174/299     9.73G   0.01992  0.005783  0.002481   0.02818        25       640    0.9185     0.998     0.993    0.8136   0.01532  0.003546 0.0004592
   175/299     9.73G   0.01965  0.005668  0.002279    0.0276        33       640    0.9191     0.998     0.993    0.8145   0.01532  0.003544 0.0004576
   176/299     9.73G   0.01974   0.00571   0.00214   0.02759        38       640    0.9211     0.998     0.993    0.8144   0.01531  0.003541 0.0004559
   177/299     9.73G   0.01944  0.005617  0.002289   0.02735        20       640      0.92    0.9969    0.9927     0.815   0.01531  0.003538 0.0004545
   178/299     9.73G   0.01949  0.005582  0.002362   0.02743        20       640    0.9209    0.9969    0.9927    0.8149    0.0153  0.003536 0.0004533
   179/299     9.73G   0.01947  0.005662  0.002288   0.02742        20       640    0.9205    0.9969    0.9927    0.8148    0.0153  0.003532 0.0004518
   180/299     9.73G   0.01927  0.005602  0.002026    0.0269        23       640    0.9204    0.9969    0.9927    0.8151   0.01529   0.00353 0.0004503
   181/299     9.73G   0.01939  0.005603  0.002338   0.02733        31       640    0.9203    0.9969    0.9927    0.8151   0.01529  0.003527 0.0004491
   182/299     9.73G   0.01927  0.005484   0.00185   0.02661        26       640    0.9199    0.9969    0.9927    0.8154   0.01528  0.003523  0.000448
   183/299     9.73G    0.0192  0.005505  0.002025   0.02673        25       640    0.9206    0.9969    0.9927     0.816   0.01527   0.00352  0.000447
   184/299     9.73G   0.01919   0.00554  0.002229   0.02696        17       640    0.9207    0.9969    0.9927    0.8165   0.01526  0.003517 0.0004459
   185/299     9.73G   0.01911  0.005503  0.002141   0.02675        34       640    0.9207    0.9969    0.9927    0.8166   0.01525  0.003514 0.0004448
   186/299     9.73G    0.0191  0.005638  0.002073   0.02681        23       640    0.9206    0.9969    0.9927    0.8169   0.01524  0.003511  0.000444
   187/299     9.73G   0.01905  0.005561  0.002242   0.02686        37       640    0.9205    0.9969    0.9928    0.8168   0.01523  0.003508 0.0004429
   188/299     9.73G     0.019  0.005457  0.001981   0.02644        25       640    0.9216    0.9969    0.9928     0.817   0.01523  0.003506 0.0004417
   189/299     9.73G   0.01911  0.005519  0.002058   0.02669        27       640    0.9211    0.9969    0.9928    0.8168   0.01522  0.003503 0.0004408
   190/299     9.73G   0.01889  0.005533  0.001978    0.0264        26       640    0.9214    0.9969    0.9928    0.8175    0.0152  0.003499 0.0004397
   191/299     9.73G   0.01899  0.005509  0.002146   0.02664        31       640    0.9227    0.9969    0.9928    0.8175   0.01519  0.003496 0.0004382
   192/299     9.73G   0.01887   0.00554  0.002032   0.02644        30       640     0.923    0.9969    0.9928    0.8178   0.01518  0.003494 0.0004372
   193/299     9.73G   0.01871  0.005427  0.001868     0.026        33       640    0.9228    0.9969    0.9928    0.8176   0.01517  0.003492 0.0004361
   194/299     9.73G   0.01863  0.005422  0.001844   0.02589        34       640     0.923    0.9969    0.9928    0.8173   0.01516  0.003489 0.0004351
   195/299     9.73G   0.01854  0.005458   0.00208   0.02608        29       640    0.9227    0.9969    0.9928    0.8173   0.01515  0.003486 0.0004341
   196/299     9.73G   0.01854  0.005452  0.002044   0.02603        24       640    0.9226    0.9969    0.9928    0.8174   0.01514  0.003483 0.0004334
   197/299     9.73G   0.01837  0.005436  0.001883   0.02568        31       640     0.923    0.9969    0.9928    0.8173   0.01513   0.00348 0.0004325
   198/299     9.73G   0.01848  0.005283  0.001766   0.02553        26       640    0.9229    0.9969    0.9928    0.8171   0.01512  0.003477 0.0004314
   199/299     9.73G   0.01847  0.005438  0.001989   0.02589        23       640    0.9228    0.9969    0.9928     0.818   0.01511  0.003475 0.0004305
   200/299     9.73G   0.01843  0.005353  0.001968   0.02576        31       640    0.9236    0.9969    0.9928    0.8184    0.0151  0.003472 0.0004295
   201/299     9.73G   0.01847  0.005392   0.00195   0.02581        25       640    0.9241    0.9969    0.9928    0.8198   0.01509  0.003469 0.0004281
   202/299     9.73G   0.01848  0.005364  0.001879   0.02572        31       640     0.925    0.9969    0.9928    0.8195   0.01508  0.003466 0.0004269
   203/299     9.73G    0.0185   0.00541   0.00201   0.02592        31       640     0.927    0.9969    0.9929    0.8194   0.01507  0.003463 0.0004262
   204/299     9.73G   0.01846  0.005314   0.00169   0.02547        27       640    0.9272    0.9969    0.9929    0.8191   0.01506   0.00346 0.0004254
   205/299     9.73G   0.01837   0.00537  0.001716   0.02546        28       640    0.9287    0.9969    0.9929    0.8192   0.01505  0.003457 0.0004246
   206/299     9.73G   0.01814  0.005339  0.002059   0.02554        22       640    0.9283    0.9967    0.9929    0.8199   0.01503  0.003454 0.0004239
   207/299     9.73G   0.01825  0.005355  0.001747   0.02535        28       640    0.9281    0.9965    0.9929    0.8201   0.01502  0.003451 0.0004231
   208/299     9.73G    0.0183  0.005342  0.001957   0.02559        30       640    0.9286    0.9965    0.9929    0.8207   0.01501  0.003447 0.0004223
   209/299     9.73G   0.01826  0.005305  0.001939    0.0255        24       640    0.9286    0.9965    0.9929    0.8211     0.015  0.003444 0.0004216
   210/299     9.73G   0.01802  0.005202  0.001824   0.02504        23       640    0.9293    0.9968    0.9929     0.821   0.01498  0.003441 0.0004208
   211/299     9.73G    0.0181   0.00523  0.001859   0.02519        23       640    0.9291    0.9965    0.9929    0.8212   0.01497  0.003438 0.0004198
   212/299     9.73G   0.01821  0.005264    0.0019   0.02537        26       640    0.9297    0.9965    0.9929    0.8218   0.01496  0.003435 0.0004189
   213/299     9.73G   0.01797  0.005178  0.001723   0.02487        19       640    0.9293    0.9965    0.9929    0.8215   0.01495  0.003432  0.000418
   214/299     9.73G   0.01789  0.005209  0.001779   0.02487        33       640    0.9316    0.9979    0.9933    0.8216   0.01493  0.003429 0.0004171
   215/299     9.73G   0.01776   0.00521  0.001561   0.02454        27       640    0.9319    0.9979    0.9934    0.8218   0.01492  0.003426 0.0004164
   216/299     9.73G   0.01791  0.005277  0.001573   0.02476        39       640    0.9315    0.9976    0.9933    0.8223   0.01491  0.003423 0.0004155
   217/299     9.73G     0.018   0.00527  0.001804   0.02508        25       640    0.9313    0.9976    0.9934    0.8228    0.0149  0.003419 0.0004146
   218/299     9.73G   0.01773  0.005211  0.001737   0.02467        24       640    0.9316    0.9978    0.9934    0.8222   0.01488  0.003416 0.0004139
   219/299     9.73G   0.01776  0.005153  0.001794   0.02471        28       640    0.9317    0.9978    0.9934    0.8225   0.01487  0.003412 0.0004132
   220/299     9.73G   0.01767  0.005216  0.001653   0.02454        24       640    0.9316    0.9979    0.9934    0.8227   0.01486  0.003409 0.0004123
   221/299     9.73G   0.01781  0.005187  0.001642   0.02464        25       640    0.9313    0.9978    0.9934    0.8236   0.01485  0.003406 0.0004114
   222/299     9.73G   0.01764  0.005124  0.001731   0.02449        30       640    0.9314     0.998    0.9934    0.8239   0.01484  0.003403 0.0004103
   223/299     9.73G   0.01758  0.005131  0.001686   0.02439        31       640    0.9315     0.998    0.9934    0.8239   0.01483    0.0034 0.0004097
   224/299     9.73G   0.01743  0.005069   0.00162   0.02412        25       640    0.9315    0.9979    0.9933    0.8238   0.01482  0.003396 0.0004089
   225/299     9.73G    0.0175  0.005073  0.001661   0.02423        38       640    0.9318     0.998    0.9934    0.8241   0.01481  0.003393 0.0004082
   226/299     9.73G   0.01738  0.005086  0.001663   0.02413        32       640    0.9316     0.998    0.9934    0.8244   0.01479   0.00339 0.0004074
   227/299     9.73G   0.01745  0.005056  0.001494     0.024        25       640    0.9316     0.998    0.9934    0.8244   0.01478  0.003387 0.0004065
   228/299     9.73G    0.0174  0.005118   0.00173   0.02425        31       640    0.9317     0.998    0.9934    0.8248   0.01477  0.003384 0.0004058
   229/299     9.73G   0.01736  0.005069  0.001762   0.02419        29       640    0.9317     0.998    0.9934    0.8248   0.01476  0.003381 0.0004052
   230/299     9.73G    0.0174  0.005076   0.00157   0.02404        22       640    0.9321     0.998    0.9934    0.8251   0.01475  0.003378 0.0004045
   231/299     9.73G   0.01721  0.005094  0.001339   0.02364        25       640    0.9322     0.998    0.9934    0.8257   0.01474  0.003375 0.0004037
   232/299     9.73G   0.01722  0.005073  0.001525   0.02382        25       640    0.9319     0.998    0.9934    0.8263   0.01473  0.003371 0.0004029
   233/299     9.73G   0.01737  0.005081  0.001508   0.02396        30       640    0.9314     0.998    0.9935    0.8265   0.01472  0.003368 0.0004022
   234/299     9.73G     0.017  0.005057  0.001415   0.02347        27       640     0.932     0.998    0.9935    0.8267    0.0147  0.003366 0.0004014
   235/299     9.73G   0.01699   0.00503  0.001422   0.02344        23       640    0.9323     0.998    0.9935    0.8268   0.01469  0.003362 0.0004006
   236/299     9.73G   0.01684  0.004935  0.001377   0.02315        20       640    0.9326     0.998    0.9935    0.8278   0.01468  0.003359 0.0003996
   237/299     9.73G   0.01717   0.00506  0.001521   0.02375        24       640    0.9324     0.998    0.9935    0.8281   0.01467  0.003356 0.0003989
   238/299     9.73G   0.01719  0.005118  0.001741   0.02405        32       640    0.9329     0.998    0.9935    0.8279   0.01466  0.003353 0.0003982
   239/299     9.73G   0.01694  0.004979  0.001547   0.02346        16       640    0.9329     0.998    0.9935     0.828   0.01465   0.00335 0.0003973
   240/299     9.73G   0.01726  0.005038  0.001628   0.02393        25       640    0.9334     0.998    0.9935    0.8282   0.01463  0.003348 0.0003965
   241/299     9.73G   0.01709  0.005038  0.001554   0.02368        36       640    0.9335     0.998    0.9935    0.8289   0.01461  0.003344 0.0003956
   242/299     9.73G   0.01679  0.004961  0.001441    0.0232        31       640    0.9339    0.9979    0.9935    0.8289    0.0146  0.003341 0.0003947
   243/299     9.73G   0.01678  0.005016  0.001458   0.02326        20       640    0.9342    0.9978    0.9935    0.8294   0.01459  0.003338 0.0003942
   244/299     9.73G   0.01679  0.005061  0.001465   0.02332        29       640     0.935    0.9981    0.9936    0.8292   0.01458  0.003336 0.0003935
   245/299     9.73G   0.01692   0.00498  0.001396   0.02329        19       640    0.9355    0.9981    0.9936    0.8296   0.01457  0.003332 0.0003928
   246/299     9.73G   0.01666  0.004923  0.001444   0.02303        26       640    0.9355    0.9981    0.9936    0.8302   0.01455  0.003329 0.0003922
   247/299     9.73G   0.01689  0.004989  0.001293   0.02317        28       640     0.936    0.9981    0.9936    0.8297   0.01454  0.003325 0.0003913
   248/299     9.73G   0.01647  0.004857  0.001414   0.02274        24       640     0.936    0.9981    0.9936    0.8298   0.01453  0.003322 0.0003905
   249/299     9.73G   0.01663  0.004969  0.001429   0.02303        29       640    0.9364    0.9982    0.9936    0.8306   0.01451  0.003319 0.0003896
   250/299     9.73G   0.01662  0.004831  0.001352   0.02281        20       640    0.9364    0.9981    0.9936     0.831    0.0145  0.003316 0.0003887
   251/299     9.73G   0.01643  0.004867  0.001238   0.02253        26       640    0.9363     0.998    0.9936    0.8306   0.01449  0.003313 0.0003879
   252/299     9.73G   0.01649  0.004832  0.001326   0.02265        28       640    0.9361     0.998    0.9936    0.8303   0.01448   0.00331  0.000387
   253/299     9.73G   0.01645  0.004801  0.001285   0.02253        24       640     0.936    0.9979    0.9936    0.8306   0.01446  0.003307 0.0003864
   254/299     9.73G   0.01659  0.004912  0.001336   0.02284        36       640    0.9357    0.9979    0.9936    0.8316   0.01445  0.003304 0.0003857
   255/299     9.73G   0.01652   0.00486  0.001266   0.02264        21       640    0.9358     0.998    0.9936    0.8315   0.01444    0.0033 0.0003851
   256/299     9.73G   0.01643  0.004904  0.001279   0.02262        26       640    0.9358    0.9979    0.9936    0.8312   0.01443  0.003298 0.0003842
   257/299     9.73G   0.01629  0.004749  0.001415   0.02245        33       640     0.936    0.9978    0.9936    0.8317   0.01442  0.003294 0.0003836
   258/299     9.73G    0.0165  0.004854  0.001294   0.02265        36       640    0.9365     0.998    0.9936    0.8319   0.01441  0.003291 0.0003832
   259/299     9.73G   0.01628  0.004807  0.001362   0.02245        22       640    0.9368    0.9981    0.9937    0.8319    0.0144  0.003288 0.0003826
   260/299     9.73G   0.01636  0.004896   0.00137   0.02263        26       640    0.9368    0.9982    0.9937    0.8324   0.01439  0.003285 0.0003819
   261/299     9.73G   0.01623  0.004827  0.001272   0.02233        22       640    0.9371    0.9982    0.9937    0.8328   0.01438  0.003282 0.0003809
   262/299     9.73G   0.01616  0.004778  0.001163    0.0221        29       640    0.9374    0.9982    0.9937     0.833   0.01437  0.003279   0.00038
   263/299     9.73G    0.0162  0.004711  0.001166   0.02208        27       640    0.9378    0.9982    0.9937    0.8333   0.01436  0.003276 0.0003792
   264/299     9.73G   0.01585  0.004748  0.001237   0.02184        28       640    0.9374    0.9982    0.9937    0.8332   0.01434  0.003272 0.0003785
   265/299     9.73G    0.0161  0.004801  0.001324   0.02223        23       640    0.9378    0.9982    0.9937    0.8333   0.01433  0.003269 0.0003777
   266/299     9.73G   0.01625  0.004824  0.001227    0.0223        32       640    0.9384    0.9982    0.9937    0.8326   0.01432  0.003266  0.000377
   267/299     9.73G   0.01614   0.00484  0.001388   0.02237        33       640    0.9384    0.9982    0.9937    0.8321    0.0143  0.003262 0.0003764
   268/299     9.73G    0.0161  0.004757  0.001324   0.02219        20       640    0.9386    0.9982    0.9938    0.8337    0.0143   0.00326 0.0003755
   269/299     9.73G   0.01599  0.004713  0.001321   0.02203        29       640    0.9391    0.9982    0.9938    0.8339   0.01428  0.003256 0.0003746
   270/299     9.73G    0.0161  0.004819  0.001234   0.02215        29       640    0.9384    0.9982    0.9938     0.834   0.01427  0.003253 0.0003739
   271/299     9.73G   0.01589  0.004694  0.001209   0.02179        25       640    0.9388    0.9982    0.9938    0.8341   0.01426  0.003249 0.0003731
   272/299     9.73G   0.01616  0.004759  0.001385    0.0223        27       640    0.9389    0.9982    0.9938    0.8343   0.01425  0.003246 0.0003723
   273/299     9.73G   0.01601  0.004765  0.001158   0.02194        18       640    0.9392    0.9982    0.9937    0.8341   0.01423  0.003243 0.0003716
   274/299     9.73G   0.01586  0.004743  0.001269   0.02187        29       640    0.9396    0.9982    0.9938    0.8342   0.01422   0.00324 0.0003707
   275/299     9.73G   0.01598  0.004711   0.00124   0.02193        26       640    0.9407    0.9982    0.9938    0.8347    0.0142  0.003236   0.00037
   276/299     9.73G   0.01612  0.004771  0.001297   0.02218        27       640    0.9394    0.9971    0.9934    0.8352    0.0142  0.003234 0.0003693
   277/299     9.73G   0.01588  0.004669  0.001221   0.02177        29       640    0.9396    0.9971    0.9934    0.8357   0.01418  0.003231 0.0003685
   278/299     9.73G   0.01604  0.004704  0.001371   0.02212        27       640    0.9401    0.9975    0.9934    0.8361   0.01417  0.003227 0.0003679
   279/299     9.73G   0.01588  0.004696  0.001256   0.02183        28       640    0.9401    0.9971    0.9934    0.8358   0.01416  0.003224 0.0003672
   280/299     9.73G   0.01578  0.004666  0.001279   0.02173        26       640    0.9398    0.9971    0.9934    0.8361   0.01415  0.003222 0.0003667
   281/299     9.73G   0.01598   0.00475  0.001295   0.02202        29       640    0.9401    0.9971    0.9934    0.8368   0.01414  0.003218 0.0003658
   282/299     9.73G   0.01597  0.004798  0.001377   0.02215        28       640    0.9408    0.9975    0.9934    0.8369   0.01412  0.003215  0.000365
   283/299     9.73G   0.01595  0.004716  0.001316   0.02198        19       640    0.9413    0.9975    0.9934     0.837   0.01411  0.003213 0.0003641
   284/299     9.73G   0.01579  0.004677  0.001126   0.02159        29       640    0.9414    0.9975    0.9934    0.8374    0.0141   0.00321 0.0003633
   285/299     9.73G   0.01578   0.00466  0.001354    0.0218        28       640    0.9414    0.9975    0.9934    0.8377   0.01409  0.003207 0.0003625
   286/299     9.73G   0.01581  0.004679  0.001137   0.02162        24       640    0.9417    0.9975    0.9934    0.8378   0.01407  0.003204 0.0003615
   287/299     9.73G   0.01584  0.004671  0.001334   0.02184        32       640    0.9407    0.9975    0.9934    0.8378   0.01406    0.0032 0.0003606
   288/299     9.73G   0.01578  0.004644  0.001141   0.02157        31       640    0.9407    0.9975    0.9934    0.8383   0.01405  0.003197 0.0003596
   289/299     9.73G   0.01562  0.004694  0.001126   0.02144        20       640    0.9417    0.9975    0.9934    0.8383   0.01404  0.003194 0.0003588
   290/299     9.73G   0.01579  0.004664  0.001208   0.02166        33       640    0.9428    0.9975    0.9934    0.8384   0.01402  0.003192 0.0003582
   291/299     9.73G   0.01562   0.00466  0.001055   0.02134        17       640     0.943    0.9975    0.9934    0.8385   0.01401  0.003188 0.0003575
   292/299     9.73G    0.0157  0.004661  0.001149   0.02151        27       640    0.9432    0.9975    0.9934    0.8389     0.014  0.003185 0.0003568
   293/299     9.73G   0.01562  0.004664  0.001203   0.02148        27       640    0.9438    0.9975    0.9935    0.8391   0.01399  0.003182 0.0003559
   294/299     9.73G   0.01576   0.00462  0.001189   0.02156        30       640    0.9447    0.9975    0.9935    0.8395   0.01397   0.00318  0.000355
   295/299     9.73G   0.01568   0.00463  0.001156   0.02147        20       640    0.9446    0.9975    0.9935    0.8398   0.01396  0.003177  0.000354
   296/299     9.73G   0.01551  0.004704  0.001151   0.02137        30       640    0.9445    0.9975    0.9935    0.8399   0.01395  0.003174 0.0003531
   297/299     9.73G   0.01566  0.004665  0.001227   0.02155        30       640    0.9445    0.9975    0.9935    0.8399   0.01394  0.003171 0.0003522
   298/299     9.73G   0.01557  0.004643  0.001126   0.02134        26       640    0.9446    0.9975    0.9935    0.8406   0.01392  0.003169 0.0003513
   299/299     9.73G   0.01546  0.004684  0.001257    0.0214        37       640    0.9444    0.9975    0.9934    0.8411   0.01391  0.003165 0.0003504
