       0/9     1.41G   0.07885   0.01976   0.04985    0.1485         9       640    0.2459    0.1512    0.2025   0.06102   0.04598   0.01381   0.03864
       1/9     1.42G   0.05584   0.01422   0.04178    0.1118        12       640    0.2468     0.476    0.2867   0.07731   0.04399   0.01065    0.0337
       2/9     1.42G   0.05194   0.01216   0.03764    0.1017        15       640    0.2403    0.5828    0.3794    0.1262   0.04752  0.008969   0.03028
       3/9     1.42G   0.05189   0.01152   0.03374   0.09715        20       640    0.3292    0.3274    0.3065   0.09945   0.04967  0.009558   0.03079
       4/9     1.42G   0.05087   0.01139   0.03034   0.09259        15       640    0.3111    0.6742    0.5049    0.1968   0.03874  0.008858   0.02197
       5/9     1.42G   0.04645    0.0105   0.02784   0.08479         8       640    0.2917    0.7284    0.5866    0.2624    0.0364  0.009502   0.02071
       6/9     1.42G     0.042   0.01047   0.02554   0.07801        16       640    0.3806    0.8327    0.7356    0.2847   0.03621  0.008205   0.01631
       7/9     1.42G   0.03921  0.009791   0.02156   0.07056        12       640     0.495    0.8703    0.7899    0.3839   0.03302   0.00744   0.01469
       8/9     1.42G    0.0375  0.009535   0.01822   0.06525        15       640     0.538    0.9025    0.8607    0.4851   0.02866  0.007222   0.01118
       9/9     1.42G   0.03423  0.009257   0.01605   0.05953        13       640    0.5222    0.9224     0.872    0.4926   0.02793  0.007087  0.009939
